ITER= 415
AOA= 2.47162655387484
SIDESLIP_ANGLE= 0
DCD_DCL_VALUE= 0.045297587641717
DCMX_DCL_VALUE= 0.525689278643465
DCMY_DCL_VALUE= -0.204510773048522
DCMZ_DCL_VALUE= 0.0411512125958186
INITIAL_BCTHRUST= 4000
