ITER= 398
AOA= 0.00190745787934801
SIDESLIP_ANGLE= 0
DCD_DCL_VALUE= 3.20537878855144e-05
DCMX_DCL_VALUE= 0.528944023363412
DCMY_DCL_VALUE= -0.216744190991639
DCMZ_DCL_VALUE= -5.66260963671484e-05
INITIAL_BCTHRUST= 4000
