ITER= 352
AOA= 1.23259540215668
SIDESLIP_ANGLE= 0
DCD_DCL_VALUE= 0.0196956533279231
DCMX_DCL_VALUE= 0.528374373933939
DCMY_DCL_VALUE= -0.214514209289921
DCMZ_DCL_VALUE= 0.0227054976295367
INITIAL_BCTHRUST= 4000
