ITER= 101
AOA= 4.08593421439578
SIDESLIP_ANGLE= 0
DCD_DCL_VALUE= 0.0582690855211666
DCMX_DCL_VALUE= 0.532064826586755
DCMY_DCL_VALUE= -0.217726308258781
DCMZ_DCL_VALUE= 0.0743072205772547
INITIAL_BCTHRUST= 4000
